# Created by Octave 4.2.1, Wed Jan 17 21:09:08 2018 -03 <gaston@gaston-thinkpad>
# name: v
# type: matrix
# rows: 1
# columns: 10
 2104 1600 2400 1416 3000 1985 1534 1427 1380 1494


